0.8863702122382872 0.8828173592599075
1.9988169428519957 0.742115851691548
0.5830995661430113 0.0841351373704116
-1.540450211841608 0.2129796517403762
-1.3366579497642763 0.7624031136544387
-0.8060938809700258 -0.00016317052524880183
-0.32620457299425676 0.7624031136544387
-1.5387537473030337 0.6419888680489699
-1.840823933918024 0.6217016060860793
0.5841463600806944 0.5012873604806106
0.5842744146995299 0.8625300972970168
2.5029573160819765 1.0033585885079543
-1.435601579029108 0.22056659632045433
-1.6387281363792665 0.8625300972970168
0.2800828196220152 0.7624031136544387
-0.8303705571480043 0.742115851691548
0.14972468344495224 0.22744727258998557
-1.3366579497642763 1.1033585885079542
1.79661870161817 0.5012873604806106
-1.6387025254554994 0.9829443429024856
2.272727234523749 0.20716001062709494
-0.6290640424080141 0.23766875391322775
2.1706570479087586 0.2275742562325637
2.7049762808494324 0.6421158516915481
0.5600562922172301 -0.1077119986502488
0.6841463600806944 0.5217016060860793
-1.7408239339180238 0.5217016060860793
-0.25444130070879534 0.2275742562325637
0.48202495161817 0.6419888680489699
0.18008281962201522 0.742115851691548
0.7177351404838316 0.0039251153977553485
-1.4366579497642762 0.742115851691548
1.3925295502357238 0.9829443429024856
1.3924783283881896 0.6217016060860793
-1.6453607343025454 0.20716001062709494
1.3924527174644223 0.5012873604806106
-1.4366835606880435 0.5012873604806106
2.4030597597770447 0.8625300972970168
-1.3366835606880434 0.5215746224435012
-0.8291228192634829 0.22056659632045433
3.00914226500318 0.6217016060860793
-1.9428941205330141 -0.036922981926615986
-0.9325175765342958 0.6421158516915481
1.0083328272514098 -0.0765629507986863
3.009091043155646 0.5012873604806106
-1.0324663546867616 0.9829443429024856
-0.7303705571480044 0.8828173592599075
-1.840823933918024 0.8625300972970168
-1.5387537473030337 0.5217016060860793
-1.8407983229942568 1.1033585885079542
1.6945485150031798 0.6419888680489699
1.5945997368507139 0.9829443429024856
2.402880483310675 0.6217016060860793
1.2905618073158018 0.8828173592599075
-0.6283772033043153 0.6217016060860793
2.3122343165092225 -0.1077119986502488
-1.3366323388405092 1.0033585885079543
-0.2242112191505678 0.5012873604806106
2.0706570479087585 0.20716001062709494
-0.528300370533014 0.7624031136544387
-0.7303961680717714 1.0032316048653762
1.9987657210044616 0.9829443429024856
-1.6387537473030336 0.742115851691548
1.1904337526969664 0.9829443429024856
-1.854070245105768 -0.1077119986502488
-0.6202295010872133 0.09104367761928245
-0.8304473899193056 0.6217016060860793
1.4925807720832578 0.7625300972970168
-1.6387537473030336 0.5012873604806106
2.2009895731620546 0.8625300972970168
0.6559864651374571 0.20716001062709494
0.9884660097770446 0.8625300972970168
0.6842744146995299 0.8828173592599075
-0.42617896207048966 0.8625300972970168
1.7967467562370054 0.742115851691548
2.4122343165092226 -0.1077119986502488
-0.022166643459344642 0.6217016060860793
-1.234562152225519 0.9829443429024856
0.07801263300702499 0.8828173592599075
-1.2299854214973696 -0.1077119986502488
3.0092190977744813 0.742115851691548
1.1905105854682676 0.742115851691548
-1.235542802173639 0.23766875391322775
1.8968235890083067 0.8829443429024856
-0.9324663546867616 0.7624031136544387
2.200784685771918 0.6217016060860793
-0.5324032147712954 0.2765462258370559
2.3007590748481506 0.5215746224435012
-0.42630701668932514 0.5012873604806106
-1.8407983229942568 0.9829443429024856
1.868561250370001 0.20716001062709494
0.27992915407941266 0.6419888680489699
1.3926576048545591 0.8625300972970168
-1.9428941205330141 1.0032316048653762
0.0803727289848082 -0.1077119986502488
0.9580822626762144 0.22744727258998557
-1.0388819745369202 0.20716001062709494
0.28000598685071393 1.0033585885079543
-1.3366579497642763 0.6421158516915481
-1.5387537473030337 0.7624031136544387
1.1903825308494322 0.6217016060860793
-1.0325175765342958 0.6217016060860793
1.1903569199256652 0.5012873604806106
0.4538906675986998 0.20716001062709494
2.9070208565406555 0.5217016060860793
-0.3544413007087953 0.4012873604806106
0.7559864651374572 0.22744727258998557
0.2801084305457823 0.8829443429024856
0.7863446013145201 0.742115851691548
-0.42620457299425674 0.742115851691548
0.35182048098370955 0.2275742562325637
1.968561250370001 0.22744727258998557
2.807020856540656 0.5012873604806106
2.5028804833106753 0.6419888680489699
2.9071233002357237 0.7624031136544387
-1.5392092374153383 0.10716001062709495
1.4926576048545592 0.8828173592599075
0.5538906675986998 0.22744727258998557
-0.7304473899193056 0.5217016060860793
-1.9221789410896546 0.07373749475795432
2.9185743433646913 -0.038325783440287864
-1.134587763149286 0.5217016060860793
-1.9428941205330141 0.6421158516915481
2.8219135157279727 -0.07720325536411599
-1.4361675198860415 -0.00016317052524880183
-1.7408239339180238 0.7625300972970168
1.6664654528312437 0.20716001062709494
0.6841719710044615 1.0032316048653762
0.46005629221723005 -0.0765629507986863
-1.7735337003059632 0.08501509790736839
1.2905105854682677 0.7625300972970168
-0.3261789620704897 0.8828173592599075
1.088286733310675 0.6419888680489699
0.7862677685432188 0.9829443429024856
-1.1211307004280335 -0.00016317052524880183
-1.9428941205330141 0.7625300972970168
1.6945229040794128 0.5215746224435012
-0.7291228192634829 0.20716001062709494
2.0987144991569275 0.6421158516915481
0.6142910792045347 -0.01663108272236184
2.2867914454154725 -0.008582115837748802
-0.22423683007433487 0.6217016060860793
2.179584719341254 -0.09430541295688942
2.5029829270057435 0.7625300972970168
2.6768932186774963 0.20716001062709494
2.098816942851996 0.7624031136544387
1.362273857753729 0.22744727258998557
-1.0324663546867616 0.8625300972970168
-0.2219040044136293 -0.09458019323032693
-1.7512043393440493 -0.06308798474949197
0.5842744146995299 0.742115851691548
1.896644312541937 0.6421158516915481
-1.0324663546867616 0.742115851691548
-0.528300370533014 1.0033585885079543
1.9987144991569272 0.6217016060860793
1.088286733310675 0.5217016060860793
0.08661931101605819 -0.0022841650931198954
1.602585817974066 -0.1077119986502488
1.869825564067816 -0.1077119986502488
-1.8459236615486392 0.23759482508021995
1.4643696552924863 0.20716001062709494
1.2904337526969665 1.0032316048653762
1.1905618073158017 0.8625300972970168
-0.9149486020393617 -0.1077119986502488
-0.43240321477129534 0.20716001062709494
2.4029829270057435 0.742115851691548
-1.6387281363792665 1.1033585885079542
2.3727272345237487 0.2275742562325637
2.807123300235724 0.9829443429024856
2.7050531136207336 0.7625300972970168
-0.9091355984993227 0.10716001062709495
0.9882867333106748 0.6217016060860793
-0.12410877545549942 0.7624031136544387
1.998893775623297 0.8625300972970168
1.3050524317435972 -0.038325783440287864
0.9064143702201598 -0.04961219854038552
-1.4366579497642762 1.1033585885079542
1.594650958698248 0.742115851691548
1.1083328272514097 -0.1077119986502488
1.6947534023933164 0.8829443429024856
2.807046467464423 0.6217016060860793
1.290356919925665 0.5215746224435012
-0.42630701668932514 0.6217016060860793
0.38207617346570416 0.9829443429024856
-1.134562152225519 1.0032316048653762
0.3820505625419371 0.5012873604806106
2.279584719341254 0.0946673958810012
0.38217861716077256 0.8625300972970168
2.5030597597770448 0.8829443429024856
-1.234562152225519 0.8625300972970168
1.4924527174644224 0.5217016060860793
0.16945860544965194 0.06385075311977073
-1.9428941205330141 0.5217016060860793
-0.2241599973030336 0.9829443429024856
-0.6283772033043153 0.5012873604806106
3.0092703196220154 0.8625300972970168
1.969825564067816 -0.1077119986502488
2.9070464674644225 0.6419888680489699
0.8177351404838317 -0.1077119986502488
2.6218547388725035 -0.09237377233188943
2.3009127403907534 0.7625300972970168
-1.840823933918024 0.742115851691548
-0.913397652942682 -3.0541130717551825e-05
0.7861909357719176 0.6217016060860793
-1.234587763149286 0.6217016060860793
-0.6283003705330141 0.9829443429024856
0.25182048098370957 0.20716001062709494
-0.12408316453173233 0.8828173592599075
0.8863446013145201 0.7625300972970168
-0.628274759609247 0.8625300972970168
-1.2241724179573306 0.10716001062709495
1.4925295502357236 1.0033585885079543
0.8861909357719175 0.6419888680489699
-0.3203003133125551 -0.054963463493998804
2.6049506699256653 0.5012873604806106
-1.9428941205330141 0.8829443429024856
-1.9428941205330141 1.1236458504708449
0.6841207491569273 0.6421158516915481
0.8862677685432189 1.0033585885079543
0.6842744146995299 0.7625300972970168
-1.7408239339180238 0.8828173592599075
0.38217861716077256 0.742115851691548
-1.3356015790291078 0.20716001062709494
0.4820505625419371 0.5215746224435012
1.7966443125419371 0.6217016060860793
-1.2366579497642762 1.1033585885079542
2.0747360865287536 -0.10189235753696756
1.290382530849432 0.6419888680489699
1.2622738577537291 0.20716001062709494
1.702585817974066 0.01852177362758323
1.6946509586982481 0.7624031136544387
2.9071233002357237 1.0032316048653762
-0.5283772033043154 0.5217016060860793
-1.5387025254554993 1.0033585885079543
-0.022012977916742102 0.742115851691548
0.5841207491569274 0.6217016060860793
-0.9324663546867616 0.8828173592599075
0.9882867333106748 0.5012873604806106
-1.840823933918024 0.5012873604806106
0.04972468344495223 0.20716001062709494
0.7863702122382872 0.8625300972970168
0.07788457838818953 0.5217016060860793
1.392580772083258 0.742115851691548
0.48217861716077254 0.8828173592599075
2.6050275026969665 0.9829443429024856
-0.3263070166893251 0.5215746224435012
1.0884660097770444 0.8828173592599075
0.18000598685071395 0.9829443429024856
2.402854872386908 0.5012873604806106
0.17995476500317978 0.5012873604806106
0.8862165466956846 0.5217016060860793
2.474797421138739 0.20716001062709494
1.8966699234657043 1.0032316048653762
0.18010843054578232 0.8625300972970168
-1.134562152225519 0.7624031136544387
2.807123300235724 0.742115851691548
2.0986888882331605 0.5217016060860793
3.0092190977744813 0.9829443429024856
0.3581378351859801 -0.04961219854038552
-1.3361675198860414 0.0030473397286574482
2.5170077540092226 -0.1001687857596238
-0.1241599973030336 1.0033585885079543
2.8072001330070253 0.8625300972970168
1.7810204493217223 -0.051249001213725366
0.2799547650031798 0.5215746224435012
-0.22410877545549943 0.742115851691548
1.89661870161817 0.5217016060860793
-0.7303705571480044 0.7625300972970168
0.5841719710044615 0.9829443429024856
-0.5046073354072816 0.020542395881001197
-0.017479840595269934 0.015548842719380104
-0.15237111409380508 0.20716001062709494
-1.134587763149286 0.6421158516915481
-1.5387281363792664 1.123772834113423
-0.8303705571480043 0.8625300972970168
0.26945860544965194 -0.1077119986502488
2.7768932186774964 0.2275742562325637
-0.9324663546867616 1.0033585885079543
-0.9325175765342958 0.5217016060860793
-1.134562152225519 0.8828173592599075
2.0987657210044617 1.0032316048653762
1.1601780602149718 0.22744727258998557
-0.021987366992975012 0.8625300972970168
-1.3366323388405092 0.8829443429024856
-1.4366323388405091 0.8625300972970168
-0.7060938809700258 -0.05150100011509255
2.7050275026969666 1.0032316048653762
1.4924783283881895 0.6421158516915481
-0.5500764783211 -0.1077119986502488
-1.841312676746393 -0.0006855551688034893
2.7218547388725036 -0.1077119986502488
0.07791018931195663 1.0032316048653762
1.5945485150031797 0.6217016060860793
0.48217861716077254 0.7624031136544387
1.5945229040794127 0.5012873604806106
-0.8304473899193056 0.5012873604806106
1.2083916041068785 -0.07720325536411599
1.0601780602149717 0.20716001062709494
-0.38424647649004534 0.30045424585658714
2.502854872386908 0.5215746224435012
-1.7407983229942567 1.0032316048653762
-1.5434712918586977 -3.0541130717551825e-05
-1.5450222409553773 -0.1077119986502488
2.7049506699256654 0.5217016060860793
0.07783335654065536 0.6419888680489699
0.38202495161817 0.6217016060860793
-0.3263070166893251 0.6421158516915481
-1.4366579497642762 0.6217016060860793
-0.8303961680717714 0.9829443429024856
1.7968235890083066 0.8625300972970168
-0.11747984059526993 -0.1077119986502488
1.694599736850714 1.0033585885079543
2.300861518543219 1.0032316048653762
-0.6046865628547914 -0.015035362908061302
2.3009895731620547 0.8829443429024856
-0.12423683007433488 0.6421158516915481
2.4029573160819764 0.9829443429024856
-0.6283003705330141 0.742115851691548
0.4820761734657042 1.0032316048653762
2.6049762808494323 0.6217016060860793
-0.02208981068804337 0.9829443429024856
2.200759074848151 0.5012873604806106
-0.42623018391802386 0.9829443429024856
-0.022115421611810463 0.5012873604806106
-1.4366323388405091 0.9829443429024856
1.5947534023933165 0.8625300972970168
2.705129946392035 0.8829443429024856
2.6050531136207336 0.742115851691548
0.9884147879295103 0.742115851691548
1.5020228907279722 -0.0772771841971238
-0.12421121915056779 0.5215746224435012
-1.0325175765342958 0.5012873604806106
-0.9339714520759829 0.2129796517403762
-0.40460733540728167 0.008351950934712136
-1.6512043393440492 0.0030473397286574482
-1.7408239339180238 0.6421158516915481
-0.32623018391802383 1.0033585885079543
2.2009127403907534 0.742115851691548
1.8967467562370055 0.7625300972970168
-1.1388819745369203 0.2765462258370559
1.088337955158209 1.0032316048653762
-0.5283772033043154 0.6421158516915481
0.17992915407941268 0.6217016060860793
2.098893775623297 0.8828173592599075
-1.6387537473030336 0.6217016060860793
0.7862165466956846 0.5012873604806106
1.7664654528312438 0.22744727258998557
2.878963405292487 0.20716001062709494
1.0884147879295103 0.7624031136544387
0.9225466334037535 0.05465249567348167
-1.9428941205330141 0.27809323816615744
1.7966699234657042 0.9829443429024856
2.574797421138739 0.22744727258998557
1.9986888882331602 0.5012873604806106
-1.0211307004280337 0.0030473397286574482
2.9072001330070254 0.8829443429024856
1.4050524317435973 -0.036778771111186305
-1.7407983229942567 1.123772834113423
1.5643696552924864 0.22744727258998557
-1.5387281363792664 0.8828173592599075
-0.22408316453173233 0.8625300972970168
-0.528274759609247 0.8828173592599075
2.200861518543219 0.9829443429024856
-1.234562152225519 0.742115851691548
-1.22843447240069 -3.0541130717551825e-05
0.3742700983695738 0.05465249567348167
0.9883379551582091 0.9829443429024856
-0.7304473899193056 0.6421158516915481
-0.05237111409380509 0.22744727258998557
-1.234587763149286 0.5012873604806106
2.6051299463920348 0.8625300972970168
0.8580822626762145 0.20716001062709494
2.3007846857719176 0.6419888680489699
0.0779870220832579 0.7624031136544387
-1.7453607343025452 0.20716001062709494
