-0.29647341127893817 0.012273373247972189
0.11595618013837447 -0.05324228226960594
-0.04883697171709429 -0.05027965104402
-0.0551263546516646 -0.11852698075593406
-0.19718683286211383 0.015516140581956562
0.06375876192548384 0.047722042681565935
-0.09326415677568804 -0.22549655091584617
0.29290320162274947 0.06189706099211281
-0.2055959591438521 -0.1338061174136489
-0.16596755643389116 -0.023779574750074688
0.18485473970868696 -0.17224264466584618
0.09381677584149946 0.2749257475155503
0.10528738741376509 0.22811510908781593
0.2357459140250932 0.08723605024992531
0.21060730318524945 0.21729555952726906
-0.14296394010088334 0.2067336088436753
-0.030304134803031787 0.08859264815031594
-0.11195661588213335 0.046645535113206564
0.09273596529462447 -0.2109534643870681
0.14884451632001508 -0.25562665498078757
0.11666888765790571 -0.010244586346754375
-0.0922022823860396 0.28117104780851904
-0.03203698392412554 0.14401235640226906
0.15165829805829634 0.2623278471249253
0.17445773653485883 0.11589516890226906
0.16610827974774947 0.017586208941331564
-0.06531858487627397 0.1795320402401597
0.11714316133954635 -0.11205447709382468
0.22488598970868695 -0.1293640550357192
0.271846194786812 -0.11671287095368797
-0.1929953960945357 0.20966457808195657
0.10600491671064009 0.07629174483000344
0.008707095665718213 -0.24562920701325827
0.20977994112470258 0.13116045820890967
-0.23953461881182084 -0.0021894716006606247
0.009898685021186964 0.05828493941008156
0.2916183505485307 -0.05587198197663719
-0.046202251868461476 0.25198351729094093
-0.018627071814750536 -0.0849458650332778
-0.028693844275688038 0.30099856245695655
0.053781192345405716 0.09419057905851906
0.1543667331168901 0.2116737943905503
-0.2890408134033431 0.07463775313078469
-0.14172953458330523 -0.21539145648301536
0.009474399132515089 0.2149951750057847
0.16053012423017135 -0.0290226930362075
0.24539160494306198 -0.07116360795319969
-0.1441154446174849 0.10292901289640968
0.09564810518720258 -0.2779048722964614
0.0074134860465775885 0.16986620772062844
0.1564718356559526 -0.07920581376374657
-0.009143185096000536 -0.29622715318025045
-0.011759426551078662 -0.20131826340974265
-0.10494761319658648 -0.027462802289137188
0.14134381441571822 -0.2055311535579055
0.09326727632978071 0.1326771818417222
0.23992822603681196 -0.17963306367219384
-0.15159220548174274 0.25678399336515967
0.07966003756024946 -0.08443165910066062
-0.09648276944658647 0.22700524580656595
0.20219797090985883 -0.042293948529371565
0.1603035006950151 0.06609133589445657
0.07078576998212446 -0.12933482682527
-0.20459980435869585 -0.03730163895905906
-0.21930080838701616 -0.19303981530488426
0.09800583223798384 0.18118957197844093
0.037008670372749464 -0.16243558060944968
-0.06969279141924273 0.12838625776945656
-0.2513420834114302 0.04478777754484719
0.1688131442497026 -0.1267781404239028
-0.12421169705889117 -0.17596734940827782
0.06044836763837446 -0.2448414300662368
0.13860019258954634 0.1583718839901597
-0.15548339505693803 -0.12714853226960593
-0.05851385159990679 0.061322048785081566
-0.2960499522258986 -0.044930484173902815
-0.11508477445146928 0.13816970503508155
-0.23508335538408648 0.09815136397062844
0.06831897310712447 0.0037920347469956256
-0.042842388587211476 -0.2517197145205825
0.041347659630561966 -0.29379970872224265
0.046944461388374464 0.1400741544979722
-0.10459357877275835 -0.13571914231599266
0.054646243614936967 0.23517675459562845
-0.07127785916826616 -0.2907476915103286
-0.07524639554521928 0.010780682207933125
-0.18293874784014116 -0.23636744057954245
-0.07334449430010209 -0.1664660180789321
-0.20783232541582475 0.1506156889218003
-0.054187008338188035 -0.20606345164597922
0.2921563754508745 0.000678707720628438
0.2067485690543901 0.007944332720628437
-0.2648270306160201 0.13245818770109719
-0.2781176285316695 -0.10422773301423484
0.010212771935249464 -0.1272819474917739
-0.25328821607134233 -0.15099309098542624
0.24296924166181197 0.16694875776945656
0.2518679843375932 0.03412829268156594
-0.10649041409990678 0.18031649458586282
0.05438724092939009 0.18762048018156594
0.1332984042594682 0.10721200239836282
-0.14102306790850053 0.0104382444637925
0.12107684664228072 0.034224209429612816
0.03804544405439009 -0.20706350743592675
0.27351745943524947 0.11796548140226906
0.24250671724774947 -0.01968750321687156
-0.12327607388994585 -0.2702015565615981
-0.187427113013481 0.10875869429289406
-0.13711790128252396 -0.05555353104890281
0.18543597750165572 0.17151495039640968
0.1883429294059526 -0.22525680482209617
-0.1760450787117232 -0.08249942338288718
-0.08162727017900835 -0.07614779984773094
-0.17324624295732866 -0.1732066644412368
-0.23756443448564898 0.18692953169523782
0.005249209923530714 0.11408395064055031
0.20280139498212446 0.05804696333586281
-0.1606140255501021 0.05764687788664406
0.03126947359540572 -0.08787518632234032
0.20327978853681197 -0.09182613694489891
0.057573672814155714 -0.04071278703034813
0.006379275841499464 0.26006927168547217
-0.2522456135322798 -0.04895883500398094
-0.20509943051836382 0.060866573931565936
-0.09820702786943804 0.08805727827726906
-0.023567074256156787 -0.15556212937653954
-0.033467892127250536 0.20587209761320657
0.08884302095868696 -0.16757762086213523
-0.2239598812629927 -0.09204628312409813
0.043388797325874466 0.2947343107479722
0.1329984469840776 -0.15643353211701805
-0.11922648282549272 -0.09638876664460594
-0.0004917568733442863 -0.000518252728590312
-0.1596820187141646 0.15918774092375343
